-5.852673515166018428e-03 5.250760933565940848e-03
9.552748518111969789e-03 1.453966273605037524e-02
1.428262372305353148e-02 1.111305487487075291e-02
1.134897002038836060e-03 1.052986893872055914e-02
-4.127862119880717703e-03 1.279784548180990661e-02
-3.855135133878397936e-03 5.851047405693151661e-03
-3.146310717574809721e-03 4.344879704554225133e-03
-1.745249627637000464e-04 4.887916100279321267e-03
-2.386632525532428849e-03 1.930503343022776930e-02
1.368590450306920482e-03 2.406580722161120577e-03
-4.566950773515758566e-03 7.250913700390991187e-03
-7.253524178848627657e-03 7.345107585426441724e-03
-1.524809947009574292e-02 2.502840982314129010e-03
-1.104746053904889259e-02 5.196991990361577232e-03
-1.297594949755959300e-02 5.255797296200616538e-03
6.206907231856229751e-03 1.177044380817120596e-03
-5.090973433364735096e-03 8.704475872520341063e-04
2.242886397736763154e-02 5.478152100525586791e-04
1.097290331865699055e-02 7.984785063586123666e-03
4.221689931988428963e-03 1.747605446557264422e-02
1.213015242442589715e-02 1.078261415315551024e-02
-1.582421640722325110e-03 9.690781297250278953e-03
-6.269751114083848761e-03 1.085943133781505643e-02
5.242506992834451013e-03 4.694556931158222479e-03
2.776947144959650716e-03 5.961161597784469038e-03
1.043716194142135616e-02 3.231541264043047510e-03
-2.537858729651109105e-03 1.641248791391557507e-02
5.281377151864138746e-03 1.459402312045899631e-02
1.413531860262093320e-03 1.831262587184539353e-02
8.511383755866148287e-03 3.290372544670773503e-03
1.346347627740512171e-02 2.748527878894528511e-03
-5.139255683344613225e-03 3.844732725128615367e-04
-5.531756297698098464e-03 1.458462546787023598e-02
6.346146381550673427e-03 1.830971062042455882e-02
2.516477788505911209e-03 2.756463289601498393e-03
8.038151144024955480e-04 1.320527917462192662e-02
-1.582796902279867690e-02 3.880808008834295622e-03
4.936326559245642412e-03 5.707380279652306048e-04
-7.779793132989071269e-03 5.284021313501197081e-03
1.454977615783241245e-02 9.361104616650550367e-03
3.648051085532611620e-04 8.514249156029435675e-03
2.047700538644847690e-02 1.557538024047500232e-04
-6.012805543433477444e-04 1.080106566902263622e-02
1.523828559587481722e-02 1.360961495439299077e-02
1.800521255800431597e-02 1.263746499598511139e-02
-4.942916714609572361e-03 1.831477424094198059e-02
2.367553507617364481e-03 1.492108160642304816e-02
-3.615794523404450289e-03 3.278801085391334653e-03
6.591403153787226028e-04 1.421909939857595589e-02
1.259630583633410648e-02 1.302157204283378375e-02
1.409314894691724232e-02 7.219870009217593029e-04
1.752678002522970943e-02 3.753694685493985921e-03
7.864609699943340970e-03 1.552222789660500160e-02
6.303163146175339709e-03 7.999925761783367034e-03
-9.187963192892546933e-04 2.827071650691865851e-03
1.397526785700172608e-02 1.054200943514846910e-02
-3.134692070916190142e-03 1.632419760240716097e-02
-1.128486741994070251e-02 5.864934326098902688e-03
-1.355968770746872071e-03 1.690130742107485290e-02
1.238935320082710199e-02 3.013061709194004342e-03
1.604153100923427083e-02 9.346586243253750953e-03
-3.118192732924333736e-03 1.941833990724869258e-02
2.157804735961359882e-02 3.841310462503783225e-03
-7.599630237695493076e-03 1.489193609209344413e-03
1.959633033333914309e-02 9.605262338858980634e-03
1.573855104469245800e-02 1.395692414433503600e-02
1.225566267245176144e-02 5.024884705528705198e-03
1.147052935347840641e-02 8.638160501972705352e-03
-1.221762852914279503e-02 4.203734558747986884e-03
-9.590823002892942886e-04 1.504330363294277897e-02
3.521822455477191527e-03 1.428719077837569372e-02
-1.571839826185585792e-02 5.281020162374319704e-03
-8.893468321925349085e-03 2.384886041963624106e-03
-6.912048638940886808e-03 3.420432236537656809e-03
8.650681739380242270e-04 3.899443972314231999e-03
5.515492838980449661e-04 1.829160169357663124e-02
1.813417395454031827e-02 9.399012617844829109e-03
2.121550605636934872e-02 4.178122993645356359e-03
4.764592894762405446e-04 1.576963438939068055e-02
-6.691757726513675175e-03 1.584137392863618418e-02
1.897885964739825376e-02 4.477158641876534742e-03
7.177106215183881935e-03 8.395925921845969614e-03
5.418368148904102385e-03 9.017043247162901884e-03
9.968213266471249653e-03 1.701659658785008647e-02
2.062213184487288967e-03 2.566903768970948269e-03
7.666140598689422797e-03 5.459358426375764649e-03
-1.687221782887830118e-02 2.241917686176139735e-03
1.363802519483873349e-02 1.534197720353942807e-02
2.652275827678378904e-03 1.432077534132301239e-02
-9.822211044636095997e-03 7.133952383027002304e-03
1.222720986921788100e-02 4.888211684888056803e-03
8.828053805605797985e-03 1.889530272656756923e-02
8.267502643320771144e-03 1.799568056046885536e-02
-3.503520486471730505e-05 8.924582852876674147e-03
1.074547126012925097e-02 1.592864726755190835e-02
1.739735465862713576e-02 8.965859870771109366e-03
1.848061047897242397e-03 1.665310243798669154e-02
9.079703814101966128e-03 3.806007079331152031e-03
-1.017819259198914604e-03 1.416601186469727304e-02
-6.838617012391171382e-03 1.945524636114375058e-03
1.074007785914340811e-02 6.211076706464926760e-03
-3.322998680270610426e-03 4.326246226533138339e-03
-1.318717865766484525e-02 1.090080570187568210e-02
6.004781327673014424e-03 8.777117877251742464e-04
9.698774474667642281e-03 1.001489831726013781e-02
-4.385056193553274993e-03 1.282473829743027011e-02
2.049034492838892885e-02 5.235238051826214024e-03
4.683795762316341274e-03 1.314999008066705319e-02
5.430856594605336721e-03 3.634213090404968521e-03
2.159145489004491575e-02 3.477071075150051527e-03
-1.480611287788898174e-02 9.671381638929605132e-03
-1.287597568252732763e-02 9.088067910397243723e-03
-1.077233304594781872e-02 9.578105128923120395e-03
1.948455968506255381e-02 6.945825841719992406e-03
-9.068119667236607465e-03 3.184145482184169533e-03
-1.404998830197142119e-02 3.661906441452426192e-03
-3.357412312179733176e-03 5.560697352181863395e-03
-1.532446132989637687e-02 2.040771551434492070e-03
-5.567607603154906687e-03 9.349504219705236444e-03
1.522803262852604270e-02 1.548760147412155813e-02
1.343804701971397335e-02 1.065524173627479046e-02
1.151377375198248468e-02 8.725821654271392197e-03
2.640246912127193393e-03 9.596730031516099990e-03
1.104697549084622532e-02 8.572362933295182494e-03
3.469776812838562020e-04 8.348102230014406433e-03
3.877742044332025025e-03 5.220963743670987110e-03
1.811038085063616798e-02 3.476292881189559873e-03
2.118358719397148062e-03 1.718078381737146720e-02
-1.245783360732292261e-02 1.298376406340283860e-03
-6.645535942498203771e-03 1.651785482739050182e-02
-1.162386718014242308e-02 3.978502955663301179e-03
1.269895914072895551e-04 1.503511924433659740e-02
-5.524517864985076243e-04 1.670856203075993598e-02
1.692923322568449379e-02 5.490917627703566749e-03
6.150263530776771057e-03 1.929191633789177976e-02
1.229505555501974982e-02 1.206154286065803591e-02
-1.155053171113435383e-02 2.350765589628819614e-03
9.192274607268371284e-03 7.211296948326670515e-03
-1.418601308742948978e-02 2.020048069809457243e-03
9.167367020238931241e-03 1.885876716221852184e-02
-1.884638826492350365e-03 1.240285887378439651e-02
5.372836112691094929e-03 1.382473106768948579e-02
2.160001794110794071e-02 3.635058895360265569e-03
-1.447877596729765619e-02 5.582848699703477947e-03
-1.199914080493272653e-02 5.393312662978004893e-03
1.425324175722388412e-04 5.570396620267517931e-03
1.514054411785414889e-02 1.499489220797644261e-02
8.452354438518843230e-03 4.441785908250843636e-03
-9.074535709601106934e-03 1.022258346763053882e-02
8.534601895631294122e-03 1.365703579948697628e-02
-2.884457008260058429e-03 6.929116600944243941e-03
-5.125215435871123722e-03 7.173660220815839678e-03
-7.151808014507383959e-03 1.784328774636893822e-02
8.128600845791537216e-03 1.657391764910583210e-02
-1.035282329404449680e-03 1.274444595025027611e-02
-1.460972560182260786e-02 7.531655773520998937e-03
-2.321758388154354300e-03 9.892147656149997623e-03
1.341912090194488129e-02 1.271654131382793373e-02
2.152700512336415059e-03 8.973573549988322993e-04
-1.325299867773070250e-03 1.958547440802856435e-02
6.306503800438032457e-03 2.010336833778061504e-03
-5.465646710815042462e-03 1.360675472200076341e-02
3.013678166802765280e-03 1.143703349805886074e-02
-4.650023209577758450e-03 1.479639312325035060e-02
8.882001871054930053e-03 8.123453727297681379e-03
1.573816950342927026e-02 1.110428705266601479e-02
5.453016560986234662e-03 5.780870019717831987e-03
-8.161473110986978974e-03 5.870027183255431330e-04
-3.336298919538626361e-03 1.206034326732813820e-02
-6.718312698146072792e-03 3.945843519770879208e-03
4.989506276416794291e-03 2.638692622892834742e-03
1.030527578917786978e-02 1.703204005083049967e-04
6.575684710328018670e-03 1.948892493947583515e-02
-3.876022816236557311e-04 1.433644218658636574e-02
1.425815477856694387e-02 2.620875188836698389e-03
1.840309324956142939e-02 3.182358123048332956e-03
-5.228945967314904859e-03 2.193943071002253404e-03
1.041174955953544021e-02 2.355623775550360743e-03
-3.141926062835835240e-03 1.495201587269616959e-02
-1.552980790913545926e-02 3.345555949952001232e-03
5.895897824872037632e-03 1.803311673037133814e-02
-1.090370210914737986e-02 1.328108846928138017e-03
1.935764693132813706e-04 2.069879897662104101e-03
-1.573716167137040062e-03 8.796944201848188455e-03
-3.369601855274042407e-03 1.513338309014284309e-02
-7.534084902824419311e-03 1.411891932803255312e-02
1.331387399509581342e-02 1.298923589138202377e-02
9.477654838373714488e-03 1.878204581818821654e-04
-1.236301903377385290e-02 9.322552983351661826e-03
2.138373471460450898e-02 5.462473864606814770e-03
1.149177433581652537e-02 1.051713402857770360e-02
-9.180379909562675841e-04 1.042863629788729450e-02
-1.738792604949296675e-03 9.814837549927851387e-03
-1.248926922224479798e-02 2.678899079451595253e-03
1.816474446316201918e-02 5.088187024691305516e-03
1.888271496898579621e-02 3.674410929716997749e-03
-4.834171809968201838e-03 1.667893837388734549e-02
-2.082694775332835646e-03 2.395405580608311186e-03
3.734591383654980393e-03 9.870172110697409545e-03
1.331544748899291149e-02 1.574522592093043419e-02
