1.152505656270932412e-02 1.136510194713473594e-02
-1.293883277362574413e-02 8.051245466177374757e-03
1.364298235407578400e-02 1.034760787847554230e-02
-8.490261638641563927e-03 5.336654323248809801e-04
-6.093981403614789211e-03 3.367042469530242155e-03
-1.985374986786738946e-03 1.034106212879137322e-02
-5.524492246125453990e-03 8.698768880236738485e-03
1.561781092886925168e-02 1.138846982232384793e-02
-4.530558389653870435e-03 1.842914559337043880e-03
1.334017812284855713e-02 3.025020542632621788e-03
-1.503962112197861946e-02 9.055045706309260492e-03
1.606528174498740580e-02 2.947178269965181237e-03
1.299349720860165647e-02 1.583114459080607259e-02
9.340681083776003479e-03 2.666969266205851570e-03
3.602013306171545845e-03 1.198298681863697000e-03
1.029959022031278100e-02 1.270028902107002769e-02
1.827903081952542141e-02 3.278974584710231226e-03
6.720453925442603123e-03 6.418948229784690249e-03
1.291225963145023643e-02 3.164712152069470378e-03
1.966044679434424819e-02 1.008066302823162723e-02
1.574597577218387820e-02 4.656880904485390625e-03
5.448821711385927122e-03 1.773594982001726328e-02
1.207676863361673014e-02 5.765822038797099522e-03
1.141307115597918649e-02 9.944174481390333914e-03
1.715465174251904965e-02 3.285799492725868624e-03
2.133866653470840175e-02 9.899352958772607899e-04
1.037210935812313967e-02 1.320188442023393846e-02
-1.611840684907683841e-02 3.995342745932215986e-03
-4.610416262674721377e-03 1.524106017287012345e-02
-3.216909440756682455e-03 1.074811287994462128e-02
-3.655656626104126193e-03 1.042214974139274095e-02
-7.401175436846192321e-03 1.724772458258554478e-02
7.241271060080517463e-03 6.165512445888135171e-03
1.186501192554397822e-02 1.732493632221010146e-02
-2.523750464494375206e-03 1.238099295778417007e-02
-1.172008924182208183e-03 4.903229734208047925e-03
-2.534162847854617637e-03 1.276053110189515408e-02
-4.425183325701192646e-05 5.168251049636374446e-04
-8.554782564674496756e-03 1.577978122277715750e-02
-1.111624611703056036e-02 8.395064942349655598e-03
6.089402507959093894e-03 1.844511907748121876e-02
2.508858526030032128e-03 8.882322329951371567e-03
-1.669216795094667638e-02 4.625286729405713067e-03
-1.064502128257357842e-02 4.911763421063483105e-03
1.478295190492852004e-02 1.051559148055942160e-02
-3.070990427174827633e-03 9.362661811401887940e-03
6.497782160088529796e-03 1.128691744730574154e-02
-1.462549440768621568e-02 9.784118681050444841e-03
-3.000803574733575639e-03 1.454193571493649084e-02
1.224135371680767567e-02 1.739310617959600319e-02
4.991429154442565859e-04 1.919238534398182844e-02
7.813625359076127597e-03 1.007681295037042221e-02
-1.034053958090327442e-02 1.538627497019219581e-02
-2.966739243047733336e-03 4.237793346590356357e-03
-4.936275796456961532e-03 4.174998654547836148e-03
-1.400319014322600961e-03 2.743631755675181565e-03
1.506438721322644718e-02 1.292524063363069929e-02
9.370371531770376600e-03 1.729216218090975454e-04
1.186890369265559790e-02 1.553519765210427221e-02
1.431358004653439722e-02 1.182838625836874803e-02
-1.627783316436609562e-02 6.939445932359958151e-03
-3.109112327679456299e-03 1.793341993694320610e-02
-1.293516094947174365e-02 4.024387623018164765e-03
2.065446460998691773e-03 4.790678172216839351e-03
1.927114034007990084e-02 1.274770105570437531e-03
-1.228372817505536153e-02 4.653422139275926669e-03
5.802536381005024904e-03 1.810984050075030785e-02
2.140720629530118609e-03 1.578300052374631557e-02
-1.284278078234390823e-02 1.238599182999650800e-02
1.888362411718796235e-02 1.030184172773174374e-02
6.753723027873523039e-04 1.458927596796646096e-02
-6.302544909213159824e-03 9.935474850124085405e-03
1.737505825688712841e-02 3.823030691595728434e-03
8.149775679727822367e-03 9.762928060115645679e-03
1.386842805341620410e-02 1.135282165149935178e-02
-6.401627804018409154e-03 3.708003244596813804e-03
2.593692396047859311e-03 1.319837802253929701e-02
1.077532929905507600e-02 7.780454041112487562e-03
-7.063593575503956945e-03 5.607207807527684815e-03
3.021161724175397238e-03 3.589891184241337033e-03
7.807872824364763507e-04 3.830626705496927541e-03
9.370495296383500594e-03 3.423908406896762190e-03
2.205394296143440343e-03 1.029833663598310987e-02
-3.043869335430725125e-04 9.867675502959428677e-03
-8.824497544058344106e-03 9.328591642640202131e-03
9.754597117941545686e-03 1.690598043468717615e-02
1.949569564544222783e-02 5.045326865813940876e-04
8.771740539189245428e-03 5.048004361183032300e-03
9.642399533326130937e-03 9.288984912939749969e-03
1.366301312718009274e-02 8.808829296068807282e-03
-1.265808994747993042e-02 2.382071015556418440e-04
5.693457480965154714e-04 9.037230274581357914e-03
1.730917204468499643e-03 3.787386736779688699e-03
3.275741052781312723e-03 1.077151255152751681e-02
-5.926517345656320476e-03 5.878388685852888387e-03
-1.149520615063890500e-02 6.647705682997655241e-03
4.119917356430503885e-03 4.753497650027040632e-03
-8.956122338457253931e-04 1.638862888508036200e-02
-1.212391936468912128e-02 8.189414857794539288e-03
-1.663808481374529080e-02 5.102652276121920523e-03
