1.152505656270932412e-02 1.136510194713473594e-02
-1.293883277362574413e-02 8.051245466177374757e-03
1.364298235407578400e-02 1.034760787847554230e-02
-8.490261638641563927e-03 5.336654323248809801e-04
-6.093981403614789211e-03 3.367042469530242155e-03
-1.985374986786738946e-03 1.034106212879137322e-02
-5.524492246125453990e-03 8.698768880236738485e-03
1.561781092886925168e-02 1.138846982232384793e-02
-4.530558389653870435e-03 1.842914559337043880e-03
1.334017812284855713e-02 3.025020542632621788e-03
-1.503962112197861946e-02 9.055045706309260492e-03
1.606528174498740580e-02 2.947178269965181237e-03
1.299349720860165647e-02 1.583114459080607259e-02
9.340681083776003479e-03 2.666969266205851570e-03
3.602013306171545845e-03 1.198298681863697000e-03
1.029959022031278100e-02 1.270028902107002769e-02
1.827903081952542141e-02 3.278974584710231226e-03
6.720453925442603123e-03 6.418948229784690249e-03
1.291225963145023643e-02 3.164712152069470378e-03
1.966044679434424819e-02 1.008066302823162723e-02
1.574597577218387820e-02 4.656880904485390625e-03
5.448821711385927122e-03 1.773594982001726328e-02
1.207676863361673014e-02 5.765822038797099522e-03
1.141307115597918649e-02 9.944174481390333914e-03
1.715465174251904965e-02 3.285799492725868624e-03
2.133866653470840175e-02 9.899352958772607899e-04
1.037210935812313967e-02 1.320188442023393846e-02
-1.611840684907683841e-02 3.995342745932215986e-03
-4.610416262674721377e-03 1.524106017287012345e-02
-3.216909440756682455e-03 1.074811287994462128e-02
-3.655656626104126193e-03 1.042214974139274095e-02
-7.401175436846192321e-03 1.724772458258554478e-02
7.241271060080517463e-03 6.165512445888135171e-03
1.186501192554397822e-02 1.732493632221010146e-02
-2.523750464494375206e-03 1.238099295778417007e-02
-1.172008924182208183e-03 4.903229734208047925e-03
-2.534162847854617637e-03 1.276053110189515408e-02
-4.425183325701192646e-05 5.168251049636374446e-04
-8.554782564674496756e-03 1.577978122277715750e-02
-1.111624611703056036e-02 8.395064942349655598e-03
6.089402507959093894e-03 1.844511907748121876e-02
2.508858526030032128e-03 8.882322329951371567e-03
-1.669216795094667638e-02 4.625286729405713067e-03
-1.064502128257357842e-02 4.911763421063483105e-03
1.478295190492852004e-02 1.051559148055942160e-02
-3.070990427174827633e-03 9.362661811401887940e-03
6.497782160088529796e-03 1.128691744730574154e-02
-1.462549440768621568e-02 9.784118681050444841e-03
-3.000803574733575639e-03 1.454193571493649084e-02
1.224135371680767567e-02 1.739310617959600319e-02
4.991429154442565859e-04 1.919238534398182844e-02
7.813625359076127597e-03 1.007681295037042221e-02
-1.034053958090327442e-02 1.538627497019219581e-02
-2.966739243047733336e-03 4.237793346590356357e-03
-4.936275796456961532e-03 4.174998654547836148e-03
-1.400319014322600961e-03 2.743631755675181565e-03
1.506438721322644718e-02 1.292524063363069929e-02
9.370371531770376600e-03 1.729216218090975454e-04
1.186890369265559790e-02 1.553519765210427221e-02
1.431358004653439722e-02 1.182838625836874803e-02
-1.627783316436609562e-02 6.939445932359958151e-03
-3.109112327679456299e-03 1.793341993694320610e-02
-1.293516094947174365e-02 4.024387623018164765e-03
2.065446460998691773e-03 4.790678172216839351e-03
1.927114034007990084e-02 1.274770105570437531e-03
-1.228372817505536153e-02 4.653422139275926669e-03
5.802536381005024904e-03 1.810984050075030785e-02
2.140720629530118609e-03 1.578300052374631557e-02
-1.284278078234390823e-02 1.238599182999650800e-02
1.888362411718796235e-02 1.030184172773174374e-02
6.753723027873523039e-04 1.458927596796646096e-02
-6.302544909213159824e-03 9.935474850124085405e-03
1.737505825688712841e-02 3.823030691595728434e-03
8.149775679727822367e-03 9.762928060115645679e-03
1.386842805341620410e-02 1.135282165149935178e-02
-6.401627804018409154e-03 3.708003244596813804e-03
2.593692396047859311e-03 1.319837802253929701e-02
1.077532929905507600e-02 7.780454041112487562e-03
-7.063593575503956945e-03 5.607207807527684815e-03
3.021161724175397238e-03 3.589891184241337033e-03
7.807872824364763507e-04 3.830626705496927541e-03
9.370495296383500594e-03 3.423908406896762190e-03
2.205394296143440343e-03 1.029833663598310987e-02
-3.043869335430725125e-04 9.867675502959428677e-03
-8.824497544058344106e-03 9.328591642640202131e-03
9.754597117941545686e-03 1.690598043468717615e-02
1.949569564544222783e-02 5.045326865813940876e-04
8.771740539189245428e-03 5.048004361183032300e-03
9.642399533326130937e-03 9.288984912939749969e-03
1.366301312718009274e-02 8.808829296068807282e-03
-1.265808994747993042e-02 2.382071015556418440e-04
5.693457480965154714e-04 9.037230274581357914e-03
1.730917204468499643e-03 3.787386736779688699e-03
3.275741052781312723e-03 1.077151255152751681e-02
-5.926517345656320476e-03 5.878388685852888387e-03
-1.149520615063890500e-02 6.647705682997655241e-03
4.119917356430503885e-03 4.753497650027040632e-03
-8.956122338457253931e-04 1.638862888508036200e-02
-1.212391936468912128e-02 8.189414857794539288e-03
-1.663808481374529080e-02 5.102652276121920523e-03
2.089512545183717929e-02 1.255003595984286206e-03
-1.540312684703174125e-02 7.746785381711049009e-03
-4.837220742906883295e-03 2.051940856662578909e-03
6.806109175712874229e-03 7.146989834441791131e-03
3.937852543500702275e-03 1.865184738335283823e-02
-1.531894110413636011e-02 9.408748806602704531e-03
-2.000574347473184529e-03 1.393969162510119838e-03
-5.296901216295595710e-03 1.460334651467666556e-02
-1.633711837106220643e-03 1.688865305669147790e-02
1.821741219356777519e-02 7.348208551959662174e-03
-4.940154549463260034e-03 1.720834786759932108e-02
-6.339701087524863762e-04 9.502507385418209815e-03
1.727491172774558992e-02 4.389582075958830751e-03
1.829353736099523925e-02 6.271643762323463392e-03
2.400038850130789287e-03 1.111338852632512419e-02
-2.203290708662929663e-03 6.515503119791639462e-04
6.563413765258202005e-03 7.067575760288402099e-03
7.982120243318437114e-03 1.932878586166366514e-02
-3.298159907945216567e-03 1.426370746127907010e-03
1.099731699569213121e-02 6.363497479531510931e-03
-1.281882138536681245e-02 5.207485765651441098e-03
9.673554943753957802e-03 1.374579589202257202e-02
-3.555216444456671919e-03 7.348283905317606196e-03
-1.038416404552369027e-02 2.051861550944427542e-03
-1.016089568783109034e-02 1.479542106967221028e-02
1.642110969262346870e-02 1.272838556210930706e-03
3.687404986598254511e-04 1.473297801655497775e-03
6.110177378438371842e-04 1.456550960017704600e-02
1.902667766415540307e-02 2.154575883047803869e-03
-9.987342986464451539e-03 2.175528687215861831e-04
3.754202073181271693e-03 1.651129160414618879e-02
5.718627213340191431e-03 5.788808635651011315e-03
-1.096480288890407107e-02 3.043485955559761921e-04
2.512485339796114055e-03 5.099364430514039676e-03
1.012142951269963571e-02 1.248324491734419985e-03
1.223139587487539343e-02 6.769710820060280063e-03
-1.136128705920963142e-02 3.172628820596879329e-03
-1.114463468410993585e-02 2.797795599718738702e-03
1.682480958776712276e-02 4.018966368175078650e-03
3.118285835058338604e-03 1.562644654385490772e-02
1.527852300467748021e-03 1.859473988334872305e-02
-1.118740286666836115e-02 5.711142335749214019e-04
-7.385142849178759350e-03 1.705044306580817681e-02
-1.712949069261349155e-02 2.974001748912886121e-03
1.375190304195070962e-02 7.035524750285999810e-04
1.638599896741026185e-02 1.195019594684308857e-02
1.989343229252637894e-03 1.300024025940842501e-02
4.842479410789570990e-03 1.718554841390629870e-03
3.278587457246834487e-03 7.496172686063748078e-03
-6.359435143764415391e-03 7.415914374539589460e-03
-4.597638938936100123e-03 1.521971226495184674e-02
-6.415307768839804622e-03 1.826929653673283610e-02
9.682254472056821964e-03 6.728324110937313959e-03
1.665224213809975151e-02 1.237835869352871330e-04
-4.455773722439532354e-03 1.532005245729169303e-02
-2.253868505971581490e-03 1.614894738516310310e-02
8.045174592234295013e-03 7.359890191283107418e-03
9.317009875173198896e-03 1.245628169609329719e-02
-8.787985096644209890e-03 1.019061687469942183e-02
1.932653304711701723e-03 1.559396715452725495e-03
-1.323842188367410806e-02 9.034403664274562318e-03
-1.108241936703110130e-02 1.057870828495590179e-02
-1.297452805574836679e-02 5.281567233748527511e-03
-1.007822790872240151e-02 1.577411711727769866e-02
-8.575026518699803077e-03 2.497900829198319763e-03
-5.462785298035688526e-03 1.444496215277309321e-02
-5.677305166627807584e-03 1.066067928814805679e-02
3.014260471214322279e-03 2.964800377198207205e-03
-6.509492030868962303e-03 1.455023961397777961e-02
3.478927125045759051e-03 4.103756078582972665e-03
-1.339911422543389220e-02 6.223134571510073598e-03
6.168367879602011140e-03 4.088522373068755392e-03
1.833066138106108529e-03 1.522069393994475266e-02
-3.428212783263909387e-03 1.286190512760924075e-02
7.686860745876112830e-03 1.147572414540678348e-02
-9.784202475445542835e-03 8.850229599630918959e-03
-5.176335322909920815e-03 9.013236833554212624e-03
-1.147261777876696677e-02 8.757951643249727719e-03
7.450691179486952816e-03 1.328824402731685478e-02
1.799554880556809844e-02 2.592633081099668217e-04
-9.052149600314949446e-04 3.180050283393869807e-03
2.257247180247615864e-03 4.799349640294602558e-03
-1.512126043938801130e-02 1.021293049240666606e-02
-9.666105046093061148e-03 5.548551665947792227e-03
8.587999185688970083e-03 9.619894642363655685e-03
1.575839177168273514e-02 2.373631428985644061e-03
1.079378539155466735e-02 1.738525679326454951e-02
-6.215729306733188894e-03 1.767153852624629793e-03
1.063579680988003921e-02 2.697978009763203231e-04
-3.724242913574690728e-03 6.824371399783774744e-03
-1.034927756142163882e-02 6.160552992828785025e-03
1.914023466114578298e-02 2.350199883150122342e-03
6.930642198841332167e-03 3.019061760249531264e-03
-6.611424721363759818e-03 1.559922890993461868e-02
-8.456383586533253865e-03 1.289164342292944444e-02
6.860193192496592124e-03 1.798762776216925041e-02
-6.602233273324443694e-03 1.661481289132769879e-02
-5.599712998259143495e-03 7.400956363545617856e-04
7.181323867514682359e-03 1.837936811465192000e-02
-5.632829077751805649e-03 6.455352091716635293e-03
